eta: 0.010000
alpha: 0.100000
size_vocab: 1335
num_topics: 10
