eta: 0.010000
alpha: 0.100000
size_vocab: 2946
num_topics: 15
